%YAML:1.0
---
K: !!opencv-matrix
   rows: 3
   cols: 3
   dt: d
   data: [ 4.1929126131840860e+02, 0., 3.2356123635801941e+02, 0.,
       4.1931859027542333e+02, 2.1942544541878652e+02, 0., 0., 1. ]
D: !!opencv-matrix
   rows: 1
   cols: 5
   dt: d
   data: [ -2.9559010625631339e-02, 1.5948244574118886e-01,
       -7.1051260632901277e-04, -6.5784101276918246e-04,
       -2.7169893039615411e-01 ]
