%YAML:1.0
---
K: !!opencv-matrix
   rows: 3
   cols: 3
   dt: d
   data: [ 4.1680688469956806e+02, 0., 3.2769750774057894e+02, 0.,
       4.1688278318330339e+02, 2.3285709981061089e+02, 0., 0., 1. ]
D: !!opencv-matrix
   rows: 1
   cols: 5
   dt: d
   data: [ -2.3391365513715626e-02, 1.3648104692108123e-01,
       6.7206005295327253e-05, 5.8614494745348744e-04,
       -2.3462447288387150e-01 ]
