%YAML:1.0
---
K: !!opencv-matrix
   rows: 3
   cols: 3
   dt: d
   data: [ 4.1929128272967574e+02, 0., 3.2356123553538390e+02, 0.,
       4.1931862286777556e+02, 2.1942548262685406e+02, 0., 0., 1. ]
D: !!opencv-matrix
   rows: 1
   cols: 5
   dt: d
   data: [ -2.9558582315073436e-02, 1.5948145293240729e-01,
       -7.1046620767870137e-04, -6.5787270354389317e-04,
       -2.7169829618300961e-01 ]
