%YAML:1.0
---
K: !!opencv-matrix
   rows: 3
   cols: 3
   dt: d
   data: [ 4.1680693687859372e+02, 0., 3.2769747052057716e+02, 0.,
       4.1688284886037280e+02, 2.3285709632482832e+02, 0., 0., 1. ]
D: !!opencv-matrix
   rows: 1
   cols: 5
   dt: d
   data: [ -2.3391571805264716e-02, 1.3648437316647929e-01,
       6.7233698457319337e-05, 5.8610808515832777e-04,
       -2.3463198941301094e-01 ]
