%YAML:1.0
---
K1: !!opencv-matrix
   rows: 3
   cols: 3
   dt: d
   data: [ 4.1929128272967574e+02, 0., 3.2356123553538390e+02, 0.,
       4.1931862286777556e+02, 2.1942548262685406e+02, 0., 0., 1. ]
D1: !!opencv-matrix
   rows: 1
   cols: 5
   dt: d
   data: [ -2.9558582315073436e-02, 1.5948145293240729e-01,
       -7.1046620767870137e-04, -6.5787270354389317e-04,
       -2.7169829618300961e-01 ]
K2: !!opencv-matrix
   rows: 3
   cols: 3
   dt: d
   data: [ 4.1680693687859372e+02, 0., 3.2769747052057716e+02, 0.,
       4.1688284886037280e+02, 2.3285709632482832e+02, 0., 0., 1. ]
D2: !!opencv-matrix
   rows: 1
   cols: 5
   dt: d
   data: [ -2.3391571805264716e-02, 1.3648437316647929e-01,
       6.7233698457319337e-05, 5.8610808515832777e-04,
       -2.3463198941301094e-01 ]
R: !!opencv-matrix
   rows: 3
   cols: 3
   dt: d
   data: [ 9.9995518261153071e-01, 4.2888473189297411e-04,
       -9.4577389595457383e-03, -4.4122271031099070e-04,
       9.9999905442083736e-01, -1.3024899043586808e-03,
       9.4571713984714298e-03, 1.3066044993798060e-03,
       9.9995442630843034e-01 ]
T: !!opencv-matrix
   rows: 3
   cols: 1
   dt: d
   data: [ -2.2987774547369614e-02, 3.0563972870288424e-05,
       8.9781163185012418e-05 ]
E: !!opencv-matrix
   rows: 3
   cols: 3
   dt: d
   data: [ 3.2866221820791290e-07, -8.9741143265344080e-05,
       3.0679519015865749e-05, 3.0717646339163815e-04,
       3.0074435424423365e-05, 2.2985877782817632e-02,
       -2.0419874883034703e-05, -2.2987765919030317e-02,
       3.0230410348596191e-05 ]
F: !!opencv-matrix
   rows: 3
   cols: 3
   dt: d
   data: [ -2.7513009566557397e-09, 7.5119311289398833e-07,
       -2.7162507330889254e-04, -2.5709709134476530e-06,
       -2.5169720511914083e-07, -7.9778093354730545e-02,
       6.7081901551876739e-04, 8.0015646802310977e-02, 1. ]
R1: !!opencv-matrix
   rows: 3
   cols: 3
   dt: d
   data: [ 9.9991032331594076e-01, -9.0578449275023924e-04,
       -1.3361320318882996e-02, 8.9702101648484996e-04,
       9.9999937864554711e-01, -6.6186238421099639e-04,
       1.3361911521451074e-02, 6.4981764545304899e-04,
       9.9991051452493529e-01 ]
R2: !!opencv-matrix
   rows: 3
   cols: 3
   dt: d
   data: [ 9.9999148934913762e-01, -1.3295637943549583e-03,
       -3.9055715856183915e-03, 1.3321250014045542e-03,
       9.9999889935000141e-01, 6.5325474831281637e-04,
       3.9046987430891855e-03, -6.5845189824371075e-04,
       9.9999215985367784e-01 ]
P1: !!opencv-matrix
   rows: 3
   cols: 4
   dt: d
   data: [ 3.0726830394389845e+02, 0., 3.3055694198608398e+02, 0., 0.,
       3.0726830394389845e+02, 2.2628605270385742e+02, 0., 0., 0., 1.,
       0. ]
P2: !!opencv-matrix
   rows: 3
   cols: 4
   dt: d
   data: [ 3.0726830394389845e+02, 0., 3.3055694198608398e+02,
       -7.0634746113812730e+00, 0., 3.0726830394389845e+02,
       2.2628605270385742e+02, 0., 0., 0., 1., 0. ]
Q: !!opencv-matrix
   rows: 4
   cols: 4
   dt: d
   data: [ 1., 0., 0., -3.3055694198608398e+02, 0., 1., 0.,
       -2.2628605270385742e+02, 0., 0., 0., 3.0726830394389845e+02, 0.,
       0., 4.3501013431661733e+01, 0. ]
