%YAML:1.0
---
K1: !!opencv-matrix
   rows: 3
   cols: 3
   dt: d
   data: [ 4.1929126131840860e+02, 0., 3.2356123635801941e+02, 0.,
       4.1931859027542333e+02, 2.1942544541878652e+02, 0., 0., 1. ]
D1: !!opencv-matrix
   rows: 1
   cols: 5
   dt: d
   data: [ -2.9559010625631339e-02, 1.5948244574118886e-01,
       -7.1051260632901277e-04, -6.5784101276918246e-04,
       -2.7169893039615411e-01 ]
K2: !!opencv-matrix
   rows: 3
   cols: 3
   dt: d
   data: [ 4.1680688469956806e+02, 0., 3.2769750774057894e+02, 0.,
       4.1688278318330339e+02, 2.3285709981061089e+02, 0., 0., 1. ]
D2: !!opencv-matrix
   rows: 1
   cols: 5
   dt: d
   data: [ -2.3391365513715626e-02, 1.3648104692108123e-01,
       6.7206005295327253e-05, 5.8614494745348744e-04,
       -2.3462447288387150e-01 ]
R: !!opencv-matrix
   rows: 3
   cols: 3
   dt: d
   data: [ 9.9995518185422183e-01, 4.2888178729402602e-04,
       -9.4578191620830632e-03, -4.4122067666652363e-04,
       9.9999905431069180e-01, -1.3025751558232426e-03,
       9.4572515671636891e-03, 1.3066897621905101e-03,
       9.9995442543880997e-01 ]
T: !!opencv-matrix
   rows: 3
   cols: 1
   dt: d
   data: [ -2.2987777088065140e+01, 3.0559875423731356e-02,
       8.9759654487876622e-02 ]
E: !!opencv-matrix
   rows: 3
   cols: 3
   dt: d
   data: [ 3.2861624523390474e-04, -8.9719637326781065e-02,
       3.0675401366750083e-02, 3.0715682251831039e-01,
       3.0076389257535953e-02, 2.2985880499631421e+01,
       -2.0415823224924343e-02, -2.2987768455344121e+01,
       3.0232337097889854e-02 ]
F: !!opencv-matrix
   rows: 3
   cols: 3
   dt: d
   data: [ -2.7509144708022393e-09, 7.5101266715943477e-07,
       -2.7157105362778143e-04, -2.5708050794361444e-06,
       -2.5171342215034691e-07, -7.9778103502896311e-02,
       6.7076609405406016e-04, 8.0015662921780029e-02, 1. ]
R1: !!opencv-matrix
   rows: 3
   cols: 3
   dt: d
   data: [ 9.9991033490919168e-01, -9.0560816069569310e-04,
       -1.3360464649377537e-02, 8.9684468278474535e-04,
       9.9999937877685574e-01, -6.6190295159569430e-04,
       1.3361055774262234e-02, 6.4986134032710824e-04,
       9.9991052593161323e-01 ]
R2: !!opencv-matrix
   rows: 3
   cols: 3
   dt: d
   data: [ 9.9999149324176539e-01, -1.3293854095233818e-03,
       -3.9046355191394563e-03, 1.3319461671504941e-03,
       9.9999889956005761e-01, 6.5329785056631026e-04,
       3.9037627376919560e-03, -6.5849305743327505e-04,
       9.9999216348098507e-01 ]
P1: !!opencv-matrix
   rows: 3
   cols: 4
   dt: d
   data: [ 3.0726678941637323e+02, 0., 3.3055642890930176e+02, 0., 0.,
       3.0726678941637323e+02, 2.2628603172302246e+02, 0., 0., 0., 1.,
       0. ]
P2: !!opencv-matrix
   rows: 3
   cols: 4
   dt: d
   data: [ 3.0726678941637323e+02, 0., 3.3055642890930176e+02,
       -7.0634405486500946e+03, 0., 3.0726678941637323e+02,
       2.2628603172302246e+02, 0., 0., 0., 1., 0. ]
Q: !!opencv-matrix
   rows: 4
   cols: 4
   dt: d
   data: [ 1., 0., 0., -3.3055642890930176e+02, 0., 1., 0.,
       -2.2628603172302246e+02, 0., 0., 0., 3.0726678941637323e+02, 0.,
       0., 4.3501008793100905e-02, 0. ]
